1.429903754525430060e+00
1.429904374834716441e+00
1.429904995893704456e+00
1.429905617767469383e+00
1.429906240529841943e+00
1.429906864215438889e+00
1.429907488890360456e+00
1.429908114617297832e+00
1.429908741458941979e+00
1.429909369473338021e+00
1.429909998719573583e+00
1.429910629258448918e+00
1.429911261151506130e+00
1.429911894461764366e+00
1.429912529252014508e+00
1.429913165586820689e+00
1.429913803526716043e+00
1.429914443140102742e+00
1.429915084491657939e+00
1.429915727646800416e+00
1.429916372672668468e+00
1.429917019636628428e+00
1.429917668606531800e+00
1.429918319650931302e+00
1.429918972839079760e+00
1.429919628240930329e+00
1.429920285927141377e+00
1.429920945968893964e+00
1.429921608438014191e+00
1.429922273407137290e+00
1.429922940949593269e+00
1.429923611139408024e+00
1.429924284051305783e+00
1.429924953448338254e+00
1.429925611062864421e+00
1.429926256395716910e+00
1.429926888970478149e+00
1.429927508306321204e+00
1.429928113917960930e+00
1.429928705315624882e+00
1.429929282005022451e+00
1.429929843487315333e+00
1.429930389259261858e+00
1.429930918813047791e+00
1.429931431636097816e+00
1.429931927211165910e+00
1.429932405016304697e+00
1.429932864524834812e+00
1.429933305205315808e+00
1.429933726521272153e+00
1.429934127932507071e+00
1.429934508892728884e+00
1.429934868851218122e+00
1.429935207252320151e+00
1.429935523535416753e+00
1.429935817134899034e+00
1.429936087480138340e+00
1.429936333995494913e+00
1.429936556100337430e+00
1.429936753208802980e+00
1.429936924729864334e+00
1.429937070067309302e+00
1.429937188619705868e+00
1.429937283398003967e+00
1.429937374272977735e+00
1.429937464333159713e+00
1.429937553542273587e+00
1.429937641863703757e+00
1.429937729260493340e+00
1.429937815695349945e+00
1.429937901130653222e+00
1.429937985528418443e+00
1.429938068850309385e+00
1.429938151057639217e+00
1.429938232111364949e+00
1.429938311972088094e+00
1.429938390600049569e+00
1.429938467955129022e+00
1.429938543996841283e+00
1.429938618684333917e+00
1.429938691976385234e+00
1.429938763831397841e+00
1.429938834207384213e+00
1.429938903061990896e+00
1.429938970352486072e+00
1.429939036035756228e+00
1.429939100068301272e+00
1.429939162406234088e+00
1.429939223005276761e+00
1.429939281820758357e+00
1.429939338807611593e+00
1.429939393920372170e+00
1.429939447113172557e+00
1.429939498339743542e+00
1.429939547553416679e+00
1.429939594707113404e+00
1.429939639753337932e+00
1.429939682644180587e+00
1.429939723331313806e+00
1.429939761765989692e+00
1.429939797899038023e+00
1.429939831680862694e+00
1.429939863061438388e+00
1.429939891990309464e+00
1.429939918416585964e+00
1.429939942288940946e+00
1.429939963555608706e+00
1.429939982164385226e+00
1.429939998062616180e+00
1.429940011197197380e+00
1.429940021514573001e+00
1.429940028960732024e+00
1.429940033481206019e+00
1.429940035021066258e+00
1.429940033524919940e+00
1.429940028936907970e+00
1.429940021200701850e+00
1.429940010259501015e+00
1.429939996056029283e+00
1.429939978532526190e+00
1.429939956905331933e+00
1.429939930397266856e+00
1.429939899042059981e+00
1.429939862874186396e+00
1.429939821928619903e+00
1.429939776240838567e+00
1.429939725846827381e+00
1.429939670783083372e+00
1.429939611086618934e+00
1.429939546794966265e+00
1.429939477946182258e+00
1.429939404578850937e+00
1.429939326732089455e+00
1.429939244445528779e+00
1.429939157759341439e+00
1.429939066714252638e+00
1.429938971351532251e+00
1.429938871713003046e+00
1.429938767841042901e+00
1.429938659778588583e+00
1.429938547569141960e+00
1.429938431256772224e+00
1.429938310886121666e+00
1.429938186502410113e+00
1.429938058151437374e+00
1.429937925879590122e+00
1.429937789733844999e+00
1.429937649761773066e+00
1.429937506011531578e+00
1.429937358531876868e+00
1.429937207372182106e+00
1.429937052582431534e+00
1.429936894213225118e+00
1.429936732315783443e+00
1.429936566941951481e+00
1.429936398144205034e+00
1.429936225975652730e+00
1.429936050490042243e+00
1.429935871741764730e+00
1.429935689785860164e+00
1.429935504678019997e+00
1.429935316474594043e+00
1.429935125232594917e+00
1.429934931009702703e+00
1.429934733864282270e+00
1.429934533855368617e+00
1.429934331042677309e+00
1.429934125486611585e+00
1.429933917248267461e+00
1.429933706389438175e+00
1.429933492972619513e+00
1.429933277061015584e+00
1.429933058718543926e+00
1.429932838009839502e+00
1.429932615000261142e+00
1.429932389755896649e+00
1.429932162343567237e+00
1.429931932830835306e+00
1.429931701286005774e+00
1.429931467778133181e+00
1.429931232377008143e+00
1.429930995153194884e+00
1.429930756178025009e+00
1.429930515523603063e+00
1.429930273262809415e+00
1.429930029469308694e+00
1.429929784217552236e+00
1.429929537582786292e+00
1.429929289641057366e+00
1.429929040469216206e+00
1.429928790144926243e+00
1.429928538746667588e+00
1.429928286353742806e+00
1.429928033045881453e+00
1.429927778782978720e+00
1.429927523520708732e+00
1.429927267297248950e+00
1.429927010151183175e+00
1.429926752121527977e+00
1.429926493247716701e+00
1.429926233569601912e+00
1.429925973127457839e+00
1.429925711961984369e+00
1.429925450114309715e+00
1.429925187625993521e+00
1.429924924539030417e+00
1.429924660895852462e+00
1.429924396739332693e+00
1.429924132112788682e+00
1.429923867059985199e+00
1.429923601625137097e+00
1.429923335852913979e+00
1.429923069788442191e+00
1.429922803477268634e+00
1.429922536965409163e+00
1.429922270299366804e+00
1.429922003526111762e+00
1.429921736693088530e+00
1.429921469848216109e+00
1.429921203039893562e+00
1.429920936317001345e+00
1.429920669728907523e+00
1.429920403325468659e+00
1.429920137157034254e+00
1.429919871274450971e+00
1.429919605729065069e+00
1.429919340572726627e+00
1.429919075857791988e+00
1.429918811637129750e+00
1.429918547964121878e+00
1.429918284892648384e+00
1.429918022477072448e+00
1.429917760772322577e+00
1.429917499833856631e+00
1.429917239717665600e+00
1.429916980480272937e+00
1.429916722178742550e+00
1.429916464870681025e+00
1.429916208614240958e+00
1.429915953447107757e+00
1.429915698958577730e+00
1.429915445009601660e+00
1.429915191653643225e+00
1.429914938944685465e+00
1.429914686937231005e+00
1.429914435686307383e+00
1.429914185247471492e+00
1.429913935676811132e+00
1.429913687030922587e+00
1.429913439366907069e+00
1.429913192742451766e+00
1.429912947215792762e+00
1.429912702845714589e+00
1.429912459691556226e+00
1.429912217813213093e+00
1.429911977271142165e+00
1.429911738126365961e+00
1.429911500440474992e+00
1.429911264275634197e+00
1.429911029694583835e+00
1.429910796760646363e+00
1.429910565537727773e+00
1.429910336090325362e+00
1.429910108483526843e+00
1.429909882783018338e+00
1.429909659055086157e+00
1.429909437366617686e+00
1.429909217785047204e+00
1.429909000378455808e+00
1.429908785215558531e+00
1.429908572365693020e+00
1.429908361898820646e+00
1.429908153885533162e+00
1.429907948397055373e+00
1.429907745505251127e+00
1.429907545282625980e+00
1.429907347802332529e+00
1.429907153138173959e+00
1.429906961364609597e+00
1.429906772556758687e+00
1.429906586790405054e+00
1.429906404141999987e+00
1.429906224734630360e+00
1.429906048730538171e+00
1.429905876129116349e+00
1.429905706920972852e+00
1.429905541096468058e+00
1.429905378645773828e+00
1.429905219558865515e+00
1.429905063825507971e+00
1.429904911435252668e+00
1.429904762377436356e+00
1.429904616641179294e+00
1.429904474215383470e+00
1.429904335088731049e+00
1.429904199249682373e+00
1.429904066686473740e+00
1.429903937387116963e+00
1.429903811339396480e+00
1.429903688530867356e+00
1.429903568948854620e+00
1.429903452580448819e+00
1.429903339412499808e+00
1.429903229431626510e+00
1.429903122624211154e+00
1.429903018976394602e+00
1.429902918474076134e+00
1.429902821102911448e+00
1.429902726848309324e+00
1.429902635695431634e+00
1.429902547629189780e+00
1.429902462634244031e+00
1.429902380694999309e+00
1.429902301795606068e+00
1.429902225919955860e+00
1.429902153051680225e+00
1.429902083174149352e+00
1.429902016270465648e+00
1.429901952323451741e+00
1.429901891315674245e+00
1.429901833229430874e+00
1.429901778046747340e+00
1.429901725749375352e+00
1.429901676318788617e+00
1.429901629736183732e+00
1.429901585982474632e+00
1.429901545038293031e+00
1.429901506883984430e+00
1.429901471499607446e+00
1.429901438864930041e+00
1.429901408959428633e+00
1.429901381762284096e+00
1.429901357252381988e+00
1.429901335408307439e+00
1.429901316208342266e+00
1.429901299630464528e+00
1.429901285652350085e+00
1.429901274251366372e+00
1.429901265404570410e+00
1.429901260111520411e+00
1.429901262424914110e+00
1.429901273187415223e+00
1.429901292888061670e+00
1.429901322020571630e+00
1.429901361083375511e+00
1.429901410579649035e+00
1.429901471017344772e+00
1.429901542909225665e+00
1.429901626772895895e+00
1.429901723130835522e+00
1.429901832510432014e+00
1.429901955444034867e+00
1.429902092468989583e+00
1.429902244127638555e+00
1.429902410967371029e+00
1.429902593540659517e+00
1.429902792405094214e+00
1.429903008123417418e+00
1.429903241263557057e+00
1.429903492398664211e+00
1.429903762107146203e+00
1.429904050972703677e+00
1.429904359584364126e+00
1.429904688536518309e+00
1.429905038428956887e+00
1.429905409866903954e+00
1.429905803461053893e+00
1.429906219827608238e+00
1.429906659588322526e+00
1.429907123370644850e+00
1.429907611807602397e+00
1.429908125537868058e+00
1.429908665205819940e+00
1.429909231461579777e+00
1.429909824961050457e+00
1.429910438107893755e+00
1.429911012177433882e+00
1.429911535944385248e+00
1.429912009898839820e+00
1.429912434537443877e+00
1.429912810363448195e+00
1.429913137886756447e+00
1.429913417623975169e+00
1.429913650098472822e+00
1.429913835840421532e+00
1.429913975386833735e+00
1.429914069281626343e+00
1.429914118075672258e+00
1.429914122326852555e+00
1.429914082600109326e+00
1.429913999467498753e+00
1.429913873508243061e+00
1.429913706173488119e+00
1.429913538146180496e+00
1.429913391646218557e+00
1.429913266969965235e+00
1.429913164416101612e+00
1.429913084285641123e+00
1.429913026881937999e+00
1.429912992510717684e+00
1.429912981480100820e+00
1.429912994100603685e+00
1.429913030685156405e+00
1.429913091549115611e+00
1.429913177010280645e+00
1.429913287388909326e+00
1.429913423007732165e+00
1.429913584191969678e+00
1.429913771269345046e+00
1.429913985377680552e+00
1.429914235541801748e+00
1.429914523910888358e+00
1.429914850122958825e+00
1.429915213811205232e+00
1.429915614604004626e+00
1.429916052124780235e+00
1.429916525991998588e+00
1.429917035819136428e+00
1.429917581214643185e+00
1.429918161781900565e+00
1.429918777119185691e+00
1.429919426819629802e+00
1.429920110471179617e+00
1.429920827656558036e+00
1.429921577953221501e+00
1.429922360903741474e+00
1.429923125649092519e+00
1.429923825117655811e+00
1.429924457539383464e+00
1.429925021128500173e+00
1.429925514083302263e+00
1.429925934585952296e+00
1.429926280802471750e+00
1.429926550882632430e+00
1.429926742959851893e+00
1.429926855151084197e+00
1.429926885556715543e+00
1.429926832260454139e+00
1.429926693329225174e+00
1.429926466813060015e+00
1.429926150744992075e+00
1.429925744031026458e+00
1.429925316595047180e+00
1.429924913020379273e+00
1.429924532748944710e+00
1.429924175216229054e+00
1.429923839851244161e+00
1.429923526076566809e+00
1.429923233308239894e+00
1.429922960955719580e+00
1.429922708421830446e+00
1.429922475102714641e+00
1.429922260387785915e+00
1.429922063659678555e+00
1.429921884294199197e+00
1.429921721660278644e+00
1.429921575119919464e+00
1.429921444028148247e+00
1.429921327732962322e+00
1.429921225575276678e+00
1.429921136888881783e+00
1.429921061000390514e+00
1.429920997229184199e+00
1.429920944887360656e+00
1.429920903279682465e+00
1.429920871703523000e+00
1.429920849448815146e+00
1.429920835797997114e+00
1.429920830025958711e+00
1.429920831399988712e+00
1.429920839179720238e+00
1.429920852617075688e+00
1.429920870005749522e+00
1.429920886060709995e+00
1.429920900116459004e+00
1.429920912214776463e+00
1.429920922397928562e+00
1.429920930708669546e+00
1.429920937190247265e+00
1.429920941886403618e+00
1.429920944841381880e+00
1.429920946099928258e+00
1.429920945707295221e+00
1.429920943709247272e+00
1.429920940152061171e+00
1.429920935082534372e+00
1.429920928547984804e+00
1.429920920596254641e+00
1.429920911275715634e+00
1.429920900635273773e+00
1.429920888724369954e+00
1.429920875592987528e+00
1.429920861291654743e+00
1.429920845871447854e+00
1.429920829383994896e+00
1.429920811881482567e+00
1.429920793416656677e+00
1.429920774042828135e+00
1.429920753813876733e+00
1.429920732784254245e+00
1.429920711008991097e+00
1.429920688543695029e+00
1.429920665444556205e+00
1.429920641768355871e+00
1.429920617572470798e+00
1.429920592914873057e+00
1.429920567854138236e+00
1.429920542449446552e+00
1.429920516760588844e+00
1.429920490847971681e+00
1.429920464772618693e+00
1.429920438596179011e+00
1.429920412380927708e+00
1.429920386189772463e+00
1.429920359519287087e+00
1.429920329163242299e+00
1.429920294079503273e+00
1.429920253633350180e+00
1.429920207183795089e+00
1.429920154083538231e+00
1.429920093678920701e+00
1.429920025309882936e+00
1.429919948309917643e+00
1.429919862006027609e+00
1.429919765718679958e+00
1.429919658761759749e+00
1.429919540442526671e+00
1.429919410061569307e+00
1.429919266912757614e+00
1.429919110283188965e+00
1.429918939453149296e+00
1.429918753696069578e+00
1.429918552278476529e+00
1.429918334459943319e+00
1.429918099493044936e+00
1.429917846623309119e+00
1.429917575089168613e+00
1.429917284121914323e+00
1.429916972945646458e+00
1.429916640777228132e+00
1.429916286826235172e+00
1.429915912728542571e+00
1.429915541833219672e+00
1.429915180054959434e+00
1.429914827250953868e+00
1.429914483276656156e+00
1.429914147985769546e+00
1.429913821230234472e+00
1.429913502860215235e+00
1.429913192724085125e+00
1.429912890668415981e+00
1.429912596537963765e+00
1.429912310175655232e+00
1.429912031422574170e+00
1.429911760117948516e+00
1.429911496099105284e+00
1.429911239201482998e+00
1.429910989258646792e+00
1.429910746102251107e+00
1.429910509562023702e+00
1.429910279465753886e+00
1.429910055639276534e+00
1.429909837906459424e+00
1.429909626089188812e+00
1.429909420007353438e+00
1.429909219478831872e+00
1.429909024319478528e+00
1.429908833968364767e+00
1.429908645264428069e+00
1.429908457505147279e+00
1.429908270656884861e+00
1.429908084685634018e+00
1.429907899557010476e+00
1.429907715236251153e+00
1.429907531688208611e+00
1.429907348877352380e+00
1.429907166767762750e+00
1.429906985323130320e+00
1.429906804506752449e+00
1.429906624281530370e+00
1.429906444609966742e+00
1.429906265454163439e+00
1.429906086775805329e+00
1.429905908536138082e+00
1.429905730696024113e+00
1.429905553215915504e+00
1.429905376055847110e+00
1.429905199175434349e+00
1.429905022533869197e+00
1.429904846089919301e+00
1.429904669801922878e+00
1.429904493627787598e+00
1.429904317524986590e+00
1.429904141450556443e+00
1.429903965361092766e+00
1.429903789212749299e+00
1.429903612961226367e+00
1.429903436561740016e+00
1.429903259969072415e+00
1.429903083137554320e+00
1.429902906021056186e+00
1.429902728572983728e+00
1.429902550746275924e+00
1.429902374003519938e+00
1.429902210973574839e+00
1.429902066256705018e+00
1.429901942036193141e+00
1.429901840516813571e+00
1.429901763924984248e+00
1.429901714508916566e+00
1.429901694538774581e+00
1.429901706306823117e+00
1.429901752127582304e+00
1.429901834337981459e+00
1.429901955297514071e+00
1.429902117388395677e+00
1.429902323015717958e+00
1.429902574607608390e+00
1.429902874615384567e+00
1.429903225513716958e+00
1.429903629800812981e+00
1.429904089998629724e+00
1.429904608652939668e+00
1.429905188333532307e+00
1.429905831634382229e+00
1.429906541173815437e+00
1.429907319594678539e+00
1.429908115134339797e+00
1.429908872195673641e+00
1.429909589019746852e+00
1.429910263832008255e+00
1.429910894841248448e+00
1.429911480239498101e+00
1.429912018201978441e+00
1.429912506886836798e+00
1.429912944435089761e+00
1.429913328970517039e+00
1.429913658599546444e+00
1.429913929724830224e+00
1.429914132568795182e+00
1.429914261641271001e+00
1.429914311993786935e+00
1.429914278630185942e+00
1.429914156506305378e+00
1.429913940529655925e+00
1.429913625559053658e+00
1.429913206404267889e+00
1.429912677825751821e+00
1.429912034534292165e+00
1.429911297936732328e+00
1.429910663094378975e+00
1.429910169391984898e+00
1.429909815944283347e+00
1.429909601852713541e+00
1.429909526205308756e+00
1.429909588076587079e+00
1.429909786527438165e+00
1.429910120605013768e+00
1.429910589342723526e+00
1.429911191760081524e+00
1.429911897826267708e+00
1.429912521075239251e+00
1.429913021204764823e+00
1.429913389372853949e+00
1.429913616652020991e+00
1.429913694028712268e+00
1.429913612402733181e+00
1.429913362586679781e+00
1.429912935305363675e+00
1.429912321195242697e+00
1.429911510803843822e+00
1.429910557295110518e+00
1.429909621254205287e+00
1.429908711140788213e+00
1.429907826718874508e+00
1.429906967749259294e+00
1.429906133989489847e+00
1.429905325193845833e+00
1.429904541113310890e+00
1.429903781495549309e+00
1.429903046084880724e+00
1.429902334622252580e+00
1.429901646845181729e+00
1.429900982487776639e+00
1.429900341280710085e+00
1.429899722951181840e+00
1.429899127222891364e+00
1.429898553816012718e+00
1.429898002447165917e+00
1.429897472829393390e+00
1.429896964672129789e+00
1.429896477681176004e+00
1.429896009167642257e+00
1.429895554268645119e+00
1.429895114012974977e+00
1.429894689656024287e+00
1.429894282465406619e+00
1.429893893721041254e+00
1.429893524715239783e+00
1.429893176752791373e+00
1.429892851151049138e+00
1.429892549240016741e+00
1.429892272362436101e+00
1.429892021873873542e+00
1.429891799142794850e+00
1.429891605550655642e+00
1.429891442492033704e+00
1.429891311374693608e+00
1.429891213619677970e+00
1.429891150661397381e+00
1.429891123947722331e+00
1.429891134940076247e+00
1.429891185113525420e+00
1.429891275956872931e+00
1.429891408972751021e+00
1.429891585677713906e+00
1.429891807602372555e+00
1.429892076291467085e+00
1.429892393303949794e+00
1.429892760213091973e+00
1.429893178606579607e+00
1.429893649576439163e+00
1.429894169639827739e+00
1.429894737976746821e+00
1.429895354795985840e+00
1.429896020306951510e+00
1.429896734719668272e+00
1.429897498244794951e+00
1.429898311093776408e+00
1.429899173478624386e+00
1.429900085611959470e+00
1.429901047707037964e+00
1.429902059977751216e+00
1.429903122638625845e+00
1.429904235904819521e+00
1.429905399992124071e+00
1.429906615116958823e+00
1.429907881496370825e+00
1.429909199348029514e+00
1.429910568890251810e+00
1.429911989701863284e+00
1.429913412221761382e+00
1.429914804994799615e+00
1.429916167634856849e+00
1.429917499752879184e+00
1.429918800956865299e+00
1.429920070851842251e+00
1.429921309039852151e+00
1.429922515119929294e+00
1.429923688688082617e+00
1.429924829337340553e+00
1.429925936657654439e+00
1.429927010235868767e+00
1.429928049655726507e+00
1.429929054497851126e+00
1.429930024339725048e+00
1.429930958755671888e+00
1.429931857316836474e+00
1.429932719591165746e+00
1.429933544365044940e+00
1.429934325706824660e+00
1.429935062342555963e+00
1.429935754117510172e+00
1.429936400876819613e+00
1.429937002465479612e+00
1.429937558728351377e+00
1.429938069510167109e+00
1.429938534655529558e+00
1.429938954008917573e+00
1.429939327414688321e+00
1.429939654717084618e+00
1.429939935760269787e+00
1.429940170388267928e+00
1.429940358444972803e+00
1.429940499774167373e+00
1.429940594219524241e+00
1.429940641624612319e+00
1.429940641832898374e+00
1.429940594687752142e+00
1.429940500032450990e+00
1.429940357710182797e+00
1.429940167564049514e+00
1.429939929437026302e+00
1.429939643172006836e+00
1.429939308611803073e+00
1.429938925902902058e+00
1.429938515911350239e+00
1.429938095594953884e+00
1.429937670870002675e+00
1.429937247712850690e+00
1.429936832160337845e+00
1.429936430310211781e+00
1.429936048321538422e+00
1.429935692415083226e+00
1.429935368873860746e+00
1.429935084043534088e+00
1.429934844332844790e+00
1.429934656214056243e+00
1.429934526223396229e+00
1.429934460961508336e+00
1.429934467093898931e+00
1.429934551351388139e+00
1.429934720530565473e+00
1.429934851889220315e+00
1.429934700889492483e+00
1.429934279696209343e+00
1.429933607864994016e+00
1.429932705157679784e+00
1.429931591543715852e+00
1.429930287201577777e+00
1.429928812520197878e+00
1.429927197873766875e+00
1.429925583683528290e+00
1.429924007569123079e+00
1.429922466423259930e+00
1.429920957105849100e+00
1.429919476443860082e+00
1.429918021231332714e+00
1.429916588228981711e+00
1.429915174163960190e+00
1.429913814764121271e+00
1.429912550644895308e+00
1.429911380557879808e+00
1.429910303219029677e+00
1.429909317328394769e+00
1.429908421569970445e+00
1.429907614611641842e+00
1.429906895105039766e+00
1.429906261685409685e+00
1.429905712971491383e+00
1.429905247565388837e+00
1.429904864052445879e+00
1.429904561001118957e+00
1.429904336962845468e+00
1.429904190471902314e+00
1.429904120045303761e+00
1.429904125121457703e+00
1.429904207441692998e+00
1.429904364922819360e+00
1.429904595061332051e+00
1.429904895326089109e+00
1.429905263158106177e+00
1.429905695970352886e+00
1.429906191147544581e+00
1.429906746045999766e+00
1.429907357993405848e+00
1.429908024288557566e+00
1.429908742201180694e+00
1.429909508971714427e+00
1.429910321811102891e+00
1.429911177900577979e+00
1.429912074391443300e+00
1.429913008404857910e+00
1.429913977031618488e+00
1.429914977332080062e+00
1.429916006335822276e+00
1.429917061041354520e+00
1.429918138415957607e+00
1.429919235395460619e+00
1.429920348617419679e+00
1.429921472191282961e+00
1.429922601802358750e+00
1.429923733720040557e+00
1.429924864175824428e+00
1.429925989363186600e+00
1.429927105437238888e+00
1.429928208514290588e+00
1.429929294671684836e+00
1.429930359947530594e+00
1.429931400340427095e+00
1.429932411809187398e+00
1.429933390272565052e+00
1.429934331608975873e+00
1.429935231656221051e+00
1.429936085042849525e+00
1.429936602872914353e+00
1.429936578366293398e+00
1.429936031976859034e+00
1.429934984383085972e+00
1.429933456489521193e+00
1.429931469428267654e+00
1.429929044560482865e+00
1.429926301728158489e+00
1.429923736752334529e+00
1.429921426353185199e+00
1.429919383590182891e+00
1.429917621647104342e+00
1.429916153832951009e+00
1.429914993582708904e+00
1.429914153238640351e+00
1.429913562301664554e+00
1.429913171115470005e+00
1.429912976421674697e+00
1.429912974922896041e+00
1.429913163282468647e+00
1.429913538124155226e+00
1.429914096031830173e+00
1.429914690410564182e+00
1.429915027218353840e+00
1.429915081228229301e+00
1.429914834578685623e+00
1.429914269236781665e+00
1.429913366997041635e+00
1.429912109480136140e+00
1.429910558258964626e+00
1.429909056434516046e+00
1.429907643220665880e+00
1.429906316044107228e+00
1.429905072302695812e+00
1.429903909365236592e+00
1.429902824571267717e+00
1.429901815230834705e+00
1.429900878624160265e+00
1.429900012001611209e+00
1.429899212583452206e+00
1.429898477559589320e+00
1.429897804089347968e+00
1.429897189301246430e+00
1.429896628817594495e+00
1.429896106327574579e+00
1.429895620220603014e+00
1.429895173270917530e+00
1.429894768279640349e+00
1.429894408074999790e+00
1.429894095512481478e+00
1.429893833475017750e+00
1.429893624873177504e+00
1.429893472645355601e+00
1.429893379757965155e+00
1.429893349205626274e+00
1.429893384011359903e+00
1.429893487226813642e+00
1.429893661932457594e+00
1.429893911237772430e+00
1.429894238281449237e+00
1.429894646231589350e+00
1.429895138285904643e+00
1.429895717671916255e+00
1.429896387631746979e+00
1.429897143298213269e+00
1.429897978022904637e+00
1.429898890537831591e+00
1.429899879559736853e+00
1.429900943790032075e+00
1.429902081914678158e+00
1.429903292604068898e+00
1.429904574512907312e+00
1.429905926280085726e+00
1.429907346528560552e+00
1.429908833865281670e+00
1.429910386881380058e+00
1.429912004151573823e+00
1.429913639049595675e+00
1.429915132690148249e+00
1.429916476364891054e+00
1.429917675752548023e+00
1.429918736594094630e+00
1.429919664693199977e+00
1.429920465916669992e+00
1.429921146194924386e+00
1.429921711522490702e+00
1.429922167958245005e+00
1.429922521625955678e+00
1.429922778714751930e+00
1.429922945479576990e+00
1.429923028297781284e+00
1.429923032585485698e+00
1.429922961743473886e+00
1.429922819054743055e+00
1.429922607837773585e+00
1.429922331446789485e+00
1.429921993272016190e+00
1.429921596739933909e+00
1.429921145313536757e+00
1.429920642492592764e+00
1.429920091813903005e+00
1.429919496851484118e+00
1.429918861216882053e+00
1.429918188559478054e+00
1.429917482566724463e+00
1.429916746964414731e+00
1.429915985516952537e+00
1.429915202027625343e+00
1.429914400338877511e+00
1.429913598370181393e+00
1.429912853429190500e+00
1.429912189305815318e+00
1.429911626764984289e+00
1.429911186778199950e+00
1.429910890524989098e+00
1.429910759394369180e+00
1.429910814986319556e+00
1.429911079113264094e+00
1.429911573801668112e+00
1.429912321293589361e+00
1.429913344048165946e+00
1.429914640611139598e+00
1.429915687153060277e+00
1.429916295940464099e+00
1.429916511714009797e+00
1.429916379679641247e+00
1.429915945511591069e+00
1.429915258253401822e+00
1.429914550677293006e+00
1.429913943335473281e+00
1.429913430119613471e+00
1.429913004856484537e+00
1.429912661307482180e+00
1.429912393184582742e+00
1.429912197096444126e+00
1.429912070943987867e+00
1.429912011321194498e+00
1.429912014785504004e+00
1.429912077857519392e+00
1.429912197020738462e+00
1.429912368721282911e+00
1.429912589367629661e+00
1.429912855330336852e+00
1.429913162941769400e+00
1.429913508495862073e+00
1.429913887918489612e+00
1.429914286416726021e+00
1.429914696970398191e+00
1.429915118701355681e+00
1.429915550722192563e+00
1.429915992136177705e+00
1.429916442037189261e+00
1.429916899509644734e+00
1.429917363628470106e+00
1.429917833459072529e+00
1.429918308057155585e+00
1.429918786468701297e+00
1.429919267729900856e+00
1.429919750867087114e+00
1.429920234896662201e+00
1.429920718825028914e+00
1.429921201648542972e+00
1.429921682353418655e+00
1.429922176323521033e+00
1.429922714486462354e+00
1.429923306807432848e+00
1.429923963066302983e+00
1.429924693139340786e+00
1.429925506999881080e+00
1.429926414719121741e+00
1.429927426466637508e+00
1.429928552511075646e+00
1.429929803220848950e+00
1.429931189064816310e+00
1.429932512086995233e+00
1.429932780032229456e+00
1.429931939719064848e+00
1.429930082320845841e+00
1.429927299964954823e+00
1.429923685738274441e+00
1.429920052555230470e+00
1.429917268285926912e+00
1.429915373855407346e+00
1.429914409872913295e+00
1.429914417333180809e+00
1.429915364878769690e+00
1.429916729072315151e+00
1.429918380327548144e+00
1.429920296512654287e+00
1.429922455264006631e+00
1.429924833984444144e+00
1.429926968419866773e+00
1.429928355149176378e+00
1.429928964184525864e+00
1.429928765428711612e+00
1.429927728505507645e+00
1.429926000486212212e+00
1.429924374622449701e+00
1.429922938261543486e+00
1.429921677477576480e+00
1.429920578197238612e+00
1.429919626198614457e+00
1.429918807110406087e+00
1.429918106410672296e+00
1.429917509425684408e+00
1.429917001328800730e+00
1.429916567139334571e+00
1.429916171244020484e+00
1.429915778570190366e+00
1.429915388414268351e+00
1.429915000289729621e+00
1.429914613705034698e+00
1.429914228163576606e+00
1.429913843163645115e+00
1.429913458198391218e+00
1.429913072755792491e+00
1.429912686318617565e+00
1.429912298364328205e+00
1.429911908365064876e+00
1.429911515787687826e+00
1.429911120093693810e+00
1.429910720739177910e+00
1.429910317397688146e+00
1.429909929908181887e+00
1.429909575641037600e+00
1.429909260662075132e+00
1.429908991097068816e+00
1.429908773132189559e+00
1.429908613014410745e+00
1.429908517051927896e+00
1.429908491614583665e+00
1.429908543134294163e+00
1.429908678105469955e+00
1.429908780515075417e+00
1.429908704003317155e+00
1.429908469910530000e+00
1.429908100598619169e+00
1.429907618658691870e+00
1.429906945991398892e+00
1.429905904317693377e+00
1.429904420820262700e+00
1.429902422923066130e+00
1.429899837327013312e+00
1.429897164039392932e+00
1.429895081263271361e+00
1.429893542913373450e+00
1.429892499633213854e+00
1.429891901546405109e+00
1.429891698252671040e+00
1.429891838823645900e+00
1.429892271798630432e+00
1.429892945180421648e+00
1.429893805042208754e+00
1.429894724152985797e+00
1.429895638788973189e+00
1.429896539897530516e+00
1.429897418334221237e+00
1.429898264862249579e+00
1.429899070151815055e+00
1.429899824779459205e+00
1.429900519227412570e+00
1.429901143882953640e+00
1.429901689037848644e+00
1.429902144887512883e+00
1.429902501530374348e+00
1.429902748967235127e+00
1.429902877100604819e+00
1.429902876052098426e+00
1.429902738692368835e+00
1.429902449983267321e+00
1.429901992357272000e+00
1.429901348075626855e+00
1.429900499227251265e+00
1.429899427727650441e+00
1.429898115317833396e+00
1.429896543563245137e+00
1.429894693852686194e+00
1.429892685883947356e+00
1.429890713204712283e+00
1.429888788633681962e+00
1.429886923822260458e+00
1.429885130539030325e+00
1.429883420670609917e+00
1.429881806222515150e+00
1.429880299319953307e+00
1.429878912208497832e+00
1.429877665483290761e+00
1.429876584974294262e+00
1.429875666023616265e+00
1.429874902372238132e+00
1.429874287693342572e+00
1.429873815591817143e+00
1.429873479603745778e+00
1.429873273195958916e+00
1.429873189765601182e+00
1.429873222639589825e+00
1.429873365074115776e+00
1.429873610254145166e+00
1.429873951292913725e+00
1.429874381231462932e+00
1.429874900136143712e+00
1.429875583042019338e+00
1.429876474372028028e+00
1.429877602821161942e+00
1.429878997352492576e+00
1.429880687198754385e+00
1.429882701864250816e+00
1.429885071126046014e+00
1.429887825035637050e+00
1.429890723338852920e+00
1.429892497205894841e+00
1.429893051943960325e+00
1.429892471698132939e+00
1.429890876670978805e+00
1.429889414851048146e+00
1.429888630583243447e+00
1.429888556773931008e+00
1.429889226643142441e+00
1.429890870530086788e+00
1.429893737002599252e+00
1.429897762537634787e+00
1.429902880952141908e+00
1.429908493011064818e+00
1.429912741990034819e+00
1.429915349013727077e+00
1.429916170570292078e+00
1.429915260411869671e+00
1.429913926398691748e+00
1.429912450051144424e+00
1.429910851186107390e+00
1.429909149823529679e+00
1.429907366187781914e+00
1.429905520708949940e+00
1.429903634022519743e+00
1.429901727248039656e+00
1.429899829312466064e+00
1.429897963053980536e+00
1.429896147166434872e+00
1.429894400528445297e+00
1.429892742204605716e+00
1.429891191447904886e+00
1.429889767699894065e+00
1.429888490591651351e+00
1.429887379945425696e+00
1.429886455775907228e+00
1.429885738291505337e+00
1.429885247895620326e+00
1.429885005187970126e+00
1.429885028016649517e+00
1.429885312909227713e+00
1.429885868170020391e+00
1.429886705982428730e+00
1.429887838643866260e+00
1.429889278566514044e+00
1.429891038278092719e+00
1.429893130422830838e+00
1.429895620061346184e+00
1.429898789703896833e+00
1.429902668220408346e+00
1.429907241925481243e+00
1.429912113042223654e+00
1.429915773086465336e+00
1.429917802739008037e+00
1.429917893882502566e+00
1.429916504591204340e+00
1.429915052921688856e+00
1.429913572078772344e+00
1.429912051159414554e+00
1.429910479139323121e+00
1.429908844871937701e+00
1.429907137087227831e+00
1.429905338864635000e+00
1.429903352603929978e+00
1.429901166343254371e+00
1.429898806818095780e+00
1.429896301040796569e+00
1.429893676302513850e+00
1.429890960175070003e+00
1.429888180512919105e+00
1.429885365455132229e+00
1.429882543427024588e+00
1.429879743142401738e+00
1.429876993605896374e+00
1.429874324114877249e+00
1.429871764261562150e+00
1.429869383068401500e+00
1.429867375123960782e+00
1.429865838607260020e+00
1.429864861455621972e+00
1.429864532453523296e+00
1.429864941238375486e+00
1.429866178306397062e+00
1.429868271709018535e+00
1.429870783686053803e+00
1.429873625820407446e+00
1.429876814429716925e+00
1.429879807459616847e+00
1.429881682781945162e+00
1.429882194429036968e+00
1.429881291185734371e+00
1.429880260096583866e+00
1.429879365367538346e+00
1.429878581034259133e+00
1.429877880828973158e+00
1.429877238177013510e+00
1.429876626193246958e+00
1.429875995077534379e+00
1.429875267204985700e+00
1.429874451384335332e+00
1.429873562234294626e+00
1.429872614515834250e+00
1.429871623132930036e+00
1.429870603133004625e+00
1.429869569707512778e+00
1.429868538193314942e+00
1.429867524073117790e+00
1.429866542976202082e+00
1.429865610679150967e+00
1.429864743106641134e+00
1.429863956334465724e+00
1.429863248570631740e+00
1.429862583318977531e+00
1.429861949487834183e+00
1.429861337025799317e+00
1.429860735799773241e+00
1.429860135595818926e+00
1.429859543020748802e+00
1.429859151513179771e+00
1.429858998433019002e+00
1.429859057794702570e+00
1.429859303361989742e+00
1.429859708646945116e+00
1.429860246444323524e+00
1.429860865027885675e+00
1.429861525447525095e+00
1.429862203506998775e+00
1.429862874775726045e+00
1.429863514587377926e+00
1.429864098042271658e+00
1.429864600006848452e+00
1.429864995106721715e+00
1.429865257728456518e+00
1.429865362018557295e+00
1.429865281882447992e+00
1.429864990981653428e+00
1.429864462733877239e+00
1.429863670312827573e+00
1.429862600384705917e+00
1.429861355232844300e+00
1.429859977231204837e+00
1.429858486069791379e+00
1.429856901491156185e+00
1.429855243285607980e+00
1.429853345972916356e+00
1.429850442045150993e+00
1.429846587424934645e+00
1.429842012932740491e+00
1.429836913738414372e+00
1.429831217768335216e+00
1.429825750991375211e+00
1.429821295296255901e+00
1.429817773315113838e+00
1.429815106911749734e+00
1.429813217177383855e+00
1.429812027964436183e+00
1.429811471716072369e+00
1.429811476305591356e+00
1.429811968652094034e+00
1.429812874988934057e+00
1.429814120860674720e+00
1.429815631120640251e+00
1.429817329928721792e+00
1.429819140749289286e+00
1.429820986349346956e+00
1.429822788797673327e+00
1.429824469462349201e+00
1.429825949009407848e+00
1.429827147401882215e+00
1.429827983898898092e+00
1.429828377055030630e+00
1.429828229614652058e+00
1.429827309961768211e+00
1.429825455955235025e+00
1.429822532331967544e+00
1.429818402952115486e+00
1.429812766868633123e+00
1.429805022754948141e+00
1.429795382713500151e+00
1.429785084635986081e+00
1.429774513880245790e+00
1.429764888102424081e+00
1.429756660555867365e+00
1.429749711415928104e+00
1.429743915815631761e+00
1.429738959096603201e+00
1.429734667898178380e+00
1.429730997480577859e+00
1.429727902707499609e+00
1.429725338045871208e+00
1.429723257566525962e+00
1.429721614943617158e+00
1.429720363454598742e+00
1.429719455980550391e+00
1.429718845006503036e+00
1.429718482621885167e+00
1.429718320522012531e+00
1.429718310009033599e+00
1.429718401991360466e+00
1.429718546985354610e+00
1.429718695116477756e+00
1.429718796120585500e+00
1.429718799345613522e+00
1.429718653754799895e+00
1.429718359171640696e+00
1.429718001855919463e+00
1.429717563680027004e+00
1.429716747459505832e+00
1.429714250784068996e+00
1.429711169850657937e+00
1.429708519310749493e+00
1.429706431563966484e+00
1.429702803739982597e+00
1.429698365800242232e+00
1.429693692291403639e+00
1.429688763495886583e+00
1.429683572323144691e+00
1.429678172051376928e+00
1.429672616365380788e+00
1.429666959354706668e+00
1.429661255511559537e+00
1.429655559728616243e+00
1.429649927296761769e+00
1.429644413902771971e+00
1.429639075626874423e+00
1.429633968940218880e+00
1.429629150702254270e+00
1.429624678158481821e+00
1.429620608937621329e+00
1.429617001048587799e+00
1.429613912877760518e+00
1.429611403186024310e+00
1.429609531105811016e+00
1.429608356138639458e+00
1.429607938151533864e+00
1.429608337373924565e+00
1.429609614394477424e+00
1.429611830157785590e+00
1.429615044740774499e+00
1.429617160963680300e+00
1.429617769382788728e+00
1.429617054224936012e+00
1.429615122590251586e+00
1.429612082309364318e+00
1.429608044570455982e+00
1.429603120640418501e+00
1.429597420879829661e+00
1.429591056327928378e+00
1.429584138693384743e+00
1.429576780345069631e+00
1.429569094302059362e+00
1.429561194225142717e+00
1.429553194408032191e+00
1.429545209768275482e+00
1.429537355838458534e+00
1.429529748757413454e+00
1.429522505260716780e+00
1.429515742673762801e+00
1.429509578903504829e+00
1.429504132430346797e+00
1.429499522300425651e+00
1.429495040746771251e+00
1.429489293362163238e+00
1.429484747989245630e+00
1.429480976317234475e+00
1.429477586400810241e+00
1.429474558406033324e+00
1.429471804196501106e+00
1.429469433403618206e+00
1.429467452446737452e+00
1.429464749689486336e+00
1.429460972967727006e+00
1.429456213995901503e+00
1.429450562836888539e+00
1.429444107880687875e+00
1.429436935823163557e+00
1.429429177042874866e+00
1.429420936321496916e+00
1.429412252149764084e+00
1.429403162815706230e+00
1.429393706427672051e+00
1.429383920900725968e+00
1.429373843942856270e+00
1.429363513041110423e+00
1.429352965447746593e+00
1.429342238166515955e+00
1.429331385564916790e+00
1.429320516648083128e+00
1.429309745473214432e+00
1.429299186439363156e+00
1.429288954378010068e+00
1.429279164532251123e+00
1.429269932536179288e+00
1.429261342140108804e+00
1.429253297984262483e+00
1.429245772576779316e+00
1.429238756553959711e+00
1.429232240847381874e+00
1.429226216682406125e+00
1.429220675576233557e+00
1.429215609335757087e+00
1.429210882638548563e+00
1.429205969095209916e+00
1.429200532413131608e+00
1.429194251632223134e+00
1.429186802091464870e+00
1.429177855475211256e+00
1.429167915215481255e+00
1.429159365730820141e+00
1.429152164001902481e+00
1.429146064885523648e+00
1.429140820330399020e+00
1.429136179410701812e+00
1.429131757993608254e+00
1.429127243359323396e+00
1.429122633668405085e+00
1.429117930601972342e+00
1.429113136007394091e+00
1.429108251893724812e+00
1.429103280427062250e+00
1.429098222480698288e+00
1.429093037670841948e+00
1.429087737005829029e+00
1.429082361775386723e+00
1.429076953294512675e+00
1.429071552892122954e+00
1.429066201899731325e+00
1.429060941783347527e+00
1.429055809770571894e+00
1.429050807165079595e+00
1.429045925239023296e+00
1.429041154964825644e+00
1.429036487015335144e+00
1.429031911764150120e+00
1.429027419286384992e+00
1.429022999359530699e+00
1.429018641464557593e+00
1.429014334787272134e+00
1.429010068219897400e+00
1.429005830362880980e+00
1.429001609526494132e+00
1.428997393733424159e+00
1.428993170721394979e+00
1.428988927945663345e+00
1.428984652581877457e+00
1.428980331537892168e+00
1.428976001318766453e+00
1.428971698038019378e+00
1.428967141720895118e+00
1.428962673678924711e+00
1.428958578056412687e+00
1.428954583518891708e+00
1.428950609780384573e+00
1.428946646751527716e+00
1.428942683953497328e+00
1.428938710533391498e+00
1.428934715273800116e+00
1.428930686605579314e+00
1.428926612621024939e+00
1.428922481086326579e+00
1.428918279453922358e+00
1.428913994874749793e+00
1.428909614209379342e+00
1.428905124038691410e+00
1.428900510678746905e+00
1.428895760191075448e+00
1.428890858394044061e+00
1.428885791112686876e+00
1.428880557790440653e+00
1.428875178246971744e+00
1.428869673780470473e+00
1.428864065569181774e+00
1.428858374667824949e+00
1.428852622004566530e+00
1.428846828377940748e+00
1.428841014453895442e+00
1.428835200762961444e+00
1.428829412995386905e+00
1.428823679210753594e+00
1.428817995976324307e+00
1.428812357536337618e+00
1.428806758179602676e+00
1.428801192238704054e+00
1.428795468164871130e+00
1.428788830489343464e+00
1.428780976994471263e+00
1.428771653838528222e+00
1.428761264262176756e+00
1.428751947725482419e+00
1.428743650153213807e+00
1.428736096187400051e+00
1.428729011013753603e+00
1.428722042149693339e+00
1.428714717833880377e+00
1.428706976251248983e+00
1.428698792758053004e+00
1.428690142743444413e+00
1.428681001633179237e+00
1.428671344893278849e+00
1.428661148033647521e+00
1.428650386611644008e+00
1.428639036235471060e+00
1.428627072567704603e+00
1.428614471328804703e+00
1.428601208300413816e+00
1.428587259328665482e+00
1.428572600327436604e+00
1.428557443150804573e+00
1.428542262387768824e+00
1.428527049261714588e+00
1.428511777548216122e+00
1.428496421202999134e+00
1.428480954363126498e+00
1.428465351348107149e+00
1.428449586660931026e+00
1.428433634989038969e+00
1.428417471205166045e+00
1.428401070368142234e+00
1.428384407723783056e+00
1.428367458705531279e+00
1.428350198935092408e+00
1.428332603219671704e+00
1.428314448668265069e+00
1.428295393322660756e+00
1.428275170531016380e+00
1.428253514887304787e+00
1.428230162261550307e+00
1.428206320621603798e+00
1.428184574710116284e+00
1.428164421874058787e+00
1.428145268937499379e+00
1.428126421074634722e+00
1.428106499846154565e+00
1.428085207639515186e+00
1.428062518692043481e+00
1.428038407595590087e+00
1.428012849293090136e+00
1.427985819075137552e+00
1.427957402831827594e+00
1.427928420506982432e+00
1.427899043661774892e+00
1.427869272118288402e+00
1.427839105771160355e+00
1.427808544585126738e+00
1.427777588592716862e+00
1.427746237891984515e+00
1.427714492644283295e+00
1.427682351724238075e+00
1.427649798053229446e+00
1.427616810468241404e+00
1.427583369032783933e+00
1.427549453970397675e+00
1.427515045664280224e+00
1.427480124656919980e+00
1.427444671649731323e+00
1.427408667502682027e+00
1.427372093230397931e+00
1.427334930003124835e+00
1.427297159149379269e+00
1.427258762153358118e+00
1.427219720654344437e+00
1.427180016446094379e+00
1.427139631476214809e+00
1.427098628175956119e+00
1.427057065780292122e+00
1.427014910216599208e+00
1.426972127558808534e+00
1.426928684072996223e+00
1.426884469695709257e+00
1.426839208757069821e+00
1.426792855366202817e+00
1.426745378607543024e+00
1.426696750869320462e+00
1.426647015181772948e+00
1.426596224045776351e+00
1.426544429446591655e+00
1.426491682857110366e+00
1.426438035241000435e+00
1.426383537055893269e+00
1.426328238256625580e+00
1.426272188298518762e+00
1.426215436140512383e+00
1.426158027164818876e+00
1.426099908324047982e+00
1.426040917813386155e+00
1.425980890013256008e+00
1.425919660484297857e+00
1.425857065968151982e+00
1.425792944388338368e+00
1.425727449182021322e+00
1.425662975427046675e+00
1.425599421443193959e+00
1.425536121817538415e+00
1.425472586968953959e+00
1.425408318989394019e+00
1.425342814864121621e+00
1.425275598510282071e+00
1.425206543878166476e+00
1.425135643501739713e+00
1.425062882452035495e+00
1.424988237726703577e+00
1.424911678031173912e+00
1.424833162878688109e+00
1.424752642055918450e+00
1.424670054990598400e+00
1.424585331057442783e+00
1.424498369402949161e+00
1.424408968988025936e+00
1.424317065765823953e+00
1.424222620350570345e+00
1.424125613330973206e+00
1.424027088033242183e+00
1.423928721633247463e+00
1.423830011276387753e+00
1.423730344204254816e+00
1.423629691516949070e+00
1.423528032313561953e+00
1.423425341740849337e+00
1.423321615150231922e+00
1.423216863843765223e+00
1.423111071768841107e+00
1.423004226920618898e+00
1.422896321557851174e+00
1.422787352369197400e+00
1.422677320825579184e+00
1.422566232404418152e+00
1.422454094298895244e+00
1.422340905148275603e+00
1.422226552412586997e+00
1.422110488969980269e+00
1.421992507870695643e+00
1.421872655347950154e+00
1.421751249350996282e+00
1.421630027668528973e+00
1.421509125100647752e+00
1.421387851840396399e+00
1.421265481085772109e+00
1.421140936371858121e+00
1.421013967494309860e+00
1.420884556445650704e+00
1.420752685686547334e+00
1.420618338077222154e+00
1.420481496606556426e+00
1.420342160389369779e+00
1.420200457427886587e+00
1.420056428621063960e+00
1.419910085389384236e+00
1.419761439115764023e+00
1.419610501145338599e+00
1.419457282784042595e+00
1.419301803325401456e+00
1.419144287919990033e+00
1.418985037984612729e+00
1.418824322141816641e+00
1.418662440388166690e+00
1.418501833488339692e+00
1.418343480184557137e+00
1.418186838597370603e+00
1.418031373558424457e+00
1.417876400933224978e+00
1.417720694809576409e+00
1.417564068516734999e+00
1.417406498986957031e+00
1.417247962844890852e+00
1.417088436929326178e+00
1.416927898365001770e+00
1.416766324561944623e+00
1.416603693212072246e+00
1.416439982285782717e+00
1.416275170028657104e+00
1.416109235092954943e+00
1.415942164859931518e+00
1.415773959149910555e+00
1.415604618687461125e+00
1.415434144182113441e+00
1.415262536325192944e+00
1.415089795787599414e+00
1.414915923184239865e+00
1.414740856283662973e+00
1.414564487184047703e+00
1.414386739421540584e+00
1.414207537410784088e+00
1.414026806510790601e+00
1.413844496413257046e+00
1.413660694394109019e+00
1.413475441432602508e+00
1.413288764663861441e+00
1.413100690900620959e+00
1.412911246760730544e+00
1.412720458602390261e+00
1.412528352528127806e+00
1.412334954433762446e+00
1.412140289955244654e+00
1.411944384473951430e+00
1.411747263124875085e+00
1.411549142878254726e+00
1.411350598148886082e+00
1.411151997766743271e+00
1.410953699877079970e+00
1.410756058606721153e+00
1.410559424053872135e+00
1.410364142366048457e+00
1.410169270827657861e+00
1.409973406646852778e+00
1.409776568470979763e+00
1.409578779298815032e+00
1.409380061251235938e+00
1.409180436042827278e+00
1.408979925158646562e+00
1.408778549483274523e+00
1.408576315894145559e+00
1.408373225373530602e+00
1.408169281551959973e+00
1.407964488034716188e+00
1.407758848402014262e+00
1.407552366209536832e+00
1.407345044988117522e+00
1.407136888244271189e+00
1.406927899460600262e+00
1.406718082729217834e+00
1.406507446457479826e+00
1.406295996561095274e+00
1.406083738184104703e+00
1.405870676437219746e+00
1.405656816397474751e+00
1.405442163108249654e+00
1.405226600063173237e+00
1.405010167086754747e+00
1.404793130326853490e+00
1.404575453165670229e+00
1.404357141456975766e+00
1.404138216293100205e+00
1.403918698568680012e+00
1.403698608951804871e+00
1.403477967904631418e+00
1.403256795701303572e+00
1.403035112416168850e+00
1.402812937924623471e+00
1.402590291909312947e+00
1.402367193935854406e+00
1.402143663372153792e+00
1.401919719391262920e+00
1.401695380990212847e+00
1.401470666992382208e+00
1.401245596018174888e+00
1.401020194052632784e+00
1.400794923416033733e+00
1.400570345261977545e+00
1.400346871449219766e+00
1.400124909763414527e+00
1.399904863890238715e+00
1.399687133174267739e+00
1.399472113162707254e+00
1.399258700208213746e+00
1.399044332276727198e+00
1.398829028437878597e+00
1.398612868225467931e+00
1.398395933765345323e+00
1.398178304027831498e+00
1.397960057555575064e+00
1.397741265565266122e+00
1.397521957563029771e+00
1.397302153175041362e+00
1.397081871811353126e+00
1.396861132662265526e+00
1.396639954701551334e+00
1.396418356688329476e+00
1.396196357169211089e+00
1.395973974473113000e+00
1.395751226706708481e+00
1.395528131775551905e+00
1.395304782885747441e+00
1.395081398893352809e+00
1.394858016548638835e+00
1.394634662095312727e+00
1.394411361455018428e+00
1.394188144777128935e+00
1.393965561379876927e+00
1.393744225392594460e+00
1.393524487615402485e+00
1.393306200181355869e+00
1.393088460703226117e+00
1.392871186870351163e+00
1.392654325952473515e+00
1.392437746836161061e+00
1.392221364325060939e+00
1.392005167561366719e+00
1.391789145594310328e+00
1.391573287725864416e+00
1.391357583526358299e+00
1.391142021921333960e+00
1.390926591747259522e+00
1.390711281924086107e+00
1.390496059210180713e+00
1.390280886537879068e+00
1.390065752947043709e+00
1.389850647621315050e+00
1.389635559776889906e+00
1.389420478574054263e+00
1.389205393333480920e+00
1.388990293447419866e+00
1.388775168397862414e+00
1.388560007744595648e+00
1.388344801115093397e+00
1.388129538209874614e+00
1.387914208808011862e+00
1.387698802760094274e+00
1.387483309988013502e+00
1.387267722213907817e+00
1.387052026821763651e+00
1.386836202635572501e+00
1.386620228459478632e+00
1.386404083269579424e+00
1.386187746214235794e+00
1.385971196596581745e+00
1.385754413881358227e+00
1.385537377693729644e+00
1.385320067818050171e+00
1.385102464203814998e+00
1.384884555916841009e+00
1.384666351718723210e+00
1.384447862087338166e+00
1.384229097441354028e+00
1.384010068140784533e+00
1.383790784487539671e+00
1.383571256713766795e+00
1.383351494904696333e+00
1.383131509113636470e+00
1.382911309336785965e+00
1.382690905500469247e+00
1.382470357337605371e+00
1.382249872996287543e+00
1.382029540847831361e+00
1.381809436227805277e+00
1.381589633936029626e+00
1.381370208182601589e+00
1.381151232583679889e+00
1.380932867721702761e+00
1.380715250434284558e+00
1.380498314697588214e+00
1.380281992294408733e+00
1.380066215450495681e+00
1.379850916853459175e+00
1.379636029649068174e+00
1.379421486348400228e+00
1.379207141760232291e+00
1.378992917099940430e+00
1.378778797463049433e+00
1.378564768117851447e+00
1.378350814511657196e+00
1.378136922226183225e+00
1.377923076605469976e+00
1.377709263248960259e+00
1.377495467927661643e+00
1.377281676523261389e+00
1.377067875026056765e+00
1.376854049524757206e+00
1.376640186190063453e+00
1.376426271302898519e+00
1.376212291240616947e+00
1.375998232473882865e+00
1.375784081564480621e+00
1.375569825204900010e+00
1.375355450218059605e+00
1.375141127546565034e+00
1.374927206298971027e+00
1.374712310073505916e+00
1.374496340035099351e+00
1.374281880177257831e+00
1.374068140839085794e+00
1.373854524004355593e+00
1.373641019489767023e+00
1.373427617197146011e+00
1.373214307120193656e+00
1.373001079659418311e+00
1.372787925327610292e+00
1.372574834678889300e+00
1.372361798407515820e+00
1.372148807349675703e+00
1.371935858845279910e+00
1.371722947755229516e+00
1.371510059750897126e+00
1.371297180661762427e+00
1.371084296453522366e+00
1.370871393227291568e+00
1.370658457219445570e+00
1.370445474814243392e+00
1.370232432501636621e+00
1.370019240640694802e+00
1.369805737068812368e+00
1.369591793021649462e+00
1.369377280621290494e+00
1.369162073078712183e+00
1.368946044491936131e+00
1.368729069785699748e+00
1.368511024783992003e+00
1.368291786208981176e+00
1.368071420928466786e+00
1.367853820334641535e+00
1.367640169524618976e+00
1.367429940404924604e+00
1.367222609874294781e+00
1.367017658106357780e+00
1.366814568830563070e+00
1.366612829239231441e+00
1.366411929939926440e+00
1.366211299749118924e+00
1.366010376341007637e+00
1.365809091925426655e+00
1.365607418927857086e+00
1.365405329951537627e+00
1.365202797807286039e+00
1.364999795502109592e+00
1.364796296246187923e+00
1.364592273444167114e+00
1.364387700694617012e+00
